V_BE5	g3_bjt5
8.11500000000000200E-1	5.06982835591722300E1
8.12500000000000000E-1	5.10815693959911330E1
8.13500000000000160E-1	5.14190705700081190E1
8.14499999999999960E-1	5.17086690444279020E1
8.15500000000000110E-1	5.19483351570632750E1
8.16499999999999910E-1	5.21361404243089850E1
8.17500000000000070E-1	5.22702730366497280E1
8.18500000000000050E-1	5.23490497420592950E1
8.19500000000000030E-1	5.23709298940912580E1
8.20500000000000010E-1	5.23345289932936630E1
8.21500000000000160E-1	5.22386288732676450E1
8.22499999999999960E-1	5.20821914470234850E1
8.23500000000000120E-1	5.18643671800429030E1
8.24500000000000100E-1	5.15845057704686470E1
8.25500000000000080E-1	5.12421645464695260E1
8.26500000000000060E-1	5.08371139436162970E1
8.27500000000000210E-1	5.03693456664042300E1
8.28500000000000010E-1	4.98390738741715910E1
8.29500000000000170E-1	4.92467409107301800E1
8.30499999999999970E-1	4.85930155009168360E1
8.31500000000000130E-1	4.78787936405428920E1
8.32499999999999930E-1	4.71051964050958730E1
8.33500000000000090E-1	4.62735643382349960E1
8.34500000000000060E-1	4.53854543020182000E1
8.35500000000000040E-1	4.44426290203545270E1
8.36500000000000020E-1	4.34470511609159260E1
8.37500000000000180E-1	4.24008712297294290E1
8.38499999999999980E-1	4.13064164488802990E1
8.39500000000000140E-1	4.01661772877432630E1
8.40500000000000110E-1	3.89827943138260840E1
8.41500000000000090E-1	3.77590422088304930E1
8.42500000000000070E-1	3.64978138779958530E1
8.43500000000000230E-1	3.52021044570393920E1
8.44500000000000030E-1	3.38749938768780590E1
8.45500000000000180E-1	3.25196289730924320E1
8.46499999999999990E-1	3.11392069820883590E1
8.47500000000000140E-1	2.97369568925418280E1
8.48499999999999940E-1	2.83161226549894800E1
8.49500000000000100E-1	2.68799465107804900E1
8.50500000000000080E-1	2.54316512606287180E1
8.51500000000000060E-1	2.39744257822507080E1
8.52500000000000040E-1	2.25114088620270490E1
8.53500000000000190E-1	2.10456758556824930E1
8.54499999999999990E-1	1.95802238441995340E1
8.55500000000000150E-1	1.81179614445081500E1
8.56500000000000130E-1	1.66616961573064910E1
8.57500000000000110E-1	1.52141248375667760E1
8.58500000000000090E-1	1.37778248991979750E1
8.59500000000000240E-1	1.23552469427376970E1
8.60500000000000040E-1	1.09487083470529620E1
8.61500000000000200E-1	9.56038751204956410E0
8.62500000000000000E-1	8.19232098391519510E0
8.63500000000000160E-1	6.84639979346356940E0
8.64499999999999960E-1	5.52436791533139090E0
8.65500000000000110E-1	4.22782149310485170E0
8.66500000000000090E-1	2.95820996258644180E0
8.67500000000000070E-1	1.71683577855663420E0
8.68500000000000050E-1	5.04857646117961690E-1
8.69500000000000210E-1	-6.76706566600237560E-1
8.70500000000000010E-1	-1.82697795699038170E0
8.71500000000000160E-1	-2.94521002806824320E0
8.72500000000000140E-1	-4.03078598366856870E0
8.73500000000000120E-1	-5.08321306829006670E0
8.74500000000000100E-1	-6.10211628022660510E0
8.75500000000000260E-1	-7.08723471486560270E0
8.76500000000000060E-1	-8.03841200115140000E0
8.77500000000000210E-1	-8.95559437979453320E0
8.78500000000000010E-1	-9.83882177896599150E0
8.79500000000000170E-1	-1.06882201622564480E1
8.80499999999999970E-1	-1.15040002809925100E1
8.81500000000000130E-1	-1.22864452267199440E1
8.82500000000000110E-1	-1.30359086224993570E1
8.83500000000000090E-1	-1.37528073295789400E1
8.84500000000000060E-1	-1.44376131839693980E1
8.85500000000000220E-1	-1.50908519803860530E1
8.86500000000000020E-1	-1.57130934921125710E1
8.87500000000000180E-1	-1.63049484738997250E1
8.88500000000000160E-1	-1.68670625322069200E1
8.89500000000000140E-1	-1.74001133042858000E1
8.90500000000000110E-1	-1.79048015588536420E1
8.91500000000000270E-1	-1.83818531568173780E1
8.92500000000000070E-1	-1.88320085818394030E1
8.93500000000000230E-1	-1.92560239967627210E1
8.94500000000000030E-1	-1.96546651774536050E1
8.95500000000000180E-1	-2.00287047494302860E1
8.96499999999999990E-1	-2.03789203194153320E1
8.97500000000000140E-1	-2.07060899703543730E1
8.98500000000000120E-1	-2.10109905072068770E1
8.99500000000000100E-1	-2.12943962559393010E1
9.00500000000000080E-1	-2.15570749731219640E1
9.01500000000000230E-1	-2.17997874639990030E1
9.02500000000000040E-1	-2.20232856438475680E1
9.03500000000000190E-1	-2.22283105039502220E1
9.04500000000000170E-1	-2.24155910715917230E1
9.05500000000000150E-1	-2.25858445514397270E1
9.06500000000000130E-1	-2.27397724443836100E1
9.07500000000000280E-1	-2.28780631826315030E1
9.08500000000000090E-1	-2.30013882913588710E1
9.09500000000000240E-1	-2.31104043845862030E1
9.10500000000000040E-1	-2.32057509257197260E1
9.11500000000000200E-1	-2.32880501715659660E1
9.12500000000000000E-1	-2.33579080321235420E1
9.13500000000000160E-1	-2.34159133568936140E1
9.14500000000000140E-1	-2.34626347212118840E1
9.15500000000000110E-1	-2.34986280461688460E1
9.16500000000000090E-1	-2.35244263034410710E1
9.17500000000000250E-1	-2.35405510876067540E1
9.18500000000000050E-1	-2.35474994441062570E1
9.19500000000000210E-1	-2.35457597128147840E1
9.20500000000000180E-1	-2.35357954312820140E1
9.21500000000000160E-1	-2.35180588434489080E1
9.22500000000000140E-1	-2.34929847284552680E1
9.23500000000000300E-1	-2.34609897543385020E1
9.24500000000000100E-1	-2.34224775519584540E1
9.25500000000000260E-1	-2.33778348270714310E1
9.26500000000000060E-1	-2.33274339850981560E1
9.27500000000000210E-1	-2.32716323080252920E1
9.28500000000000010E-1	-2.32107740256725980E1
9.29500000000000170E-1	-2.31451874812042880E1
9.30500000000000150E-1	-2.30751898637095780E1
9.31500000000000130E-1	-2.30010833012368240E1
9.32500000000000110E-1	-2.29231603913544250E1
9.33500000000000260E-1	-2.28416961796904290E1
9.34500000000000060E-1	-2.27569600184360570E1
9.35500000000000220E-1	-2.26692066084628110E1
9.36500000000000200E-1	-2.25786785316856920E1
9.37500000000000180E-1	-2.24856120036207360E1
9.38500000000000160E-1	-2.23902280472363160E1
9.39500000000000310E-1	-2.22927425054808340E1
9.40500000000000110E-1	-2.21933580616901830E1
9.41500000000000270E-1	-2.20922723651133300E1
9.42500000000000070E-1	-2.19896703282231700E1
9.43500000000000230E-1	-2.18857324964707270E1
9.44500000000000030E-1	-2.17806291411863740E1
9.45500000000000180E-1	-2.16745246744709340E1
9.46500000000000160E-1	-2.15675771137120260E1
9.47500000000000140E-1	-2.14599356890108160E1
9.48500000000000120E-1	-2.13517456761948220E1





